2.996778e-05
3.896332e-05
4.474211e-05
4.378748e-05
4.522896e-05
4.741383e-05
4.625607e-05
4.883122e-05
4.814672e-05
4.988742e-05
5.032802e-05
5.048752e-05
4.938793e-05
5.129504e-05
5.274940e-05
5.228114e-05
5.104613e-05
5.026817e-05
5.061221e-05
5.170059e-05
5.182791e-05
5.118537e-05
5.179477e-05
5.214334e-05
5.178094e-05
5.445814e-05
5.287838e-05
5.126834e-05
5.352330e-05
5.128884e-05
5.411506e-05
4.998112e-05
5.179024e-05
5.125499e-05
5.094862e-05
5.124569e-05
5.076861e-05
5.138540e-05
5.056190e-05
5.313492e-05
5.131245e-05
5.641198e-05
5.185795e-05
5.055141e-05
5.102324e-05
5.100393e-05
5.174065e-05
5.157113e-05
5.065942e-05
5.160904e-05
5.311728e-05
5.324531e-05
5.135655e-05
5.225205e-05
5.541086e-05
5.702853e-05
5.725646e-05
5.489969e-05
5.116653e-05
4.739761e-05
4.953790e-05
5.029678e-05
5.361223e-05
5.341864e-05
5.329800e-05
5.171704e-05
5.124640e-05
5.392313e-05
5.001783e-05
4.688263e-05
4.947305e-05
5.138254e-05
5.187798e-05
5.349040e-05
5.245686e-05
5.262518e-05
5.207443e-05
5.434203e-05
5.474710e-05
5.192876e-05
5.042839e-05
5.457568e-05
5.374503e-05
5.060410e-05
4.928732e-05
4.796362e-05
4.815793e-05
4.872346e-05
4.781461e-05
4.795790e-05
4.965425e-05
5.519629e-05
5.584335e-05
5.390239e-05
4.891610e-05
5.046940e-05
5.163336e-05
5.278039e-05
5.250669e-05
5.339408e-05
